0 0.2578125 0.7359375 0.0876953125 0.087109375
0 0.9421875 0.60546875 0.0599609375 0.060546875
0 0.96640625 0.64453125 0.0328125 0.0201171875
0 0.92109375 0.640625 0.026171875 0.0255859375
0 0.92109375 0.6625 0.029296875 0.028125
0 0.92265625 0.68828125 0.025 0.0240234375
0 0.96484375 0.690625 0.0357421875 0.024609375
0 0.96640625 0.7125 0.0328125 0.0189453125
0 0.92265625 0.71015625 0.025 0.015625
0 0.91875 0.7359375 0.025390625 0.0251953125
0 0.96484375 0.7359375 0.0267578125 0.0279296875
0 0.9625 0.7578125 0.022265625 0.02265625
0 0.9203125 0.75625 0.0345703125 0.0189453125
0 0.9171875 0.7796875 0.0275390625 0.0275390625
0 0.9625 0.78203125 0.022265625 0.0234375
0 0.9203125 0.8015625 0.028515625 0.015625
0 0.9625 0.80546875 0.022265625 0.0234375
0 0.95859375 0.82578125 0.0208984375 0.020703125
0 0.92109375 0.82578125 0.0208984375 0.020703125
0 0.91875 0.846875 0.028125 0.0283203125
0 0.9640625 0.8453125 0.0375 0.022265625
0 0.9609375 0.87109375 0.033984375 0.0201171875
0 0.91484375 0.87109375 0.0271484375 0.0271484375
0 0.9203125 0.89296875 0.022265625 0.021875
0 0.94765625 0.8890625 0.010546875 0.009765625
0 0.9640625 0.89453125 0.02734375 0.0267578125
0 0.9625 0.91875 0.0275390625 0.0275390625
0 0.91875 0.9125 0.0189453125 0.01875
0 0.93125 0.9640625 0.006640625 0.015625
0 0.91484375 0.96015625 0.0296875 0.015625
0 0.9609375 0.9640625 0.024609375 0.025
0 0.95859375 0.984375 0.0328125 0.015625
0 0.8453125 0.934375 0.028515625 0.0123046875
0 0.84609375 0.95625 0.0208984375 0.021484375
0 0.8453125 0.98046875 0.022265625 0.021875
0 0.84375 0.9125 0.031640625 0.015625
0 0.8453125 0.88671875 0.0279296875 0.0267578125
0 0.84609375 0.8671875 0.0232421875 0.0224609375
0 0.8453125 0.8453125 0.028515625 0.015625
0 0.8484375 0.81953125 0.033984375 0.0201171875
0 0.84609375 0.7953125 0.028125 0.0283203125
0 0.84765625 0.7734375 0.0296875 0.015625
0 0.84765625 0.75234375 0.025 0.0240234375
0 0.84765625 0.73046875 0.023046875 0.023046875
0 0.8484375 0.7046875 0.025390625 0.0275390625
0 0.8484375 0.68671875 0.024609375 0.025
0 0.8484375 0.6609375 0.0375 0.0189453125
0 0.85 0.63671875 0.0279296875 0.0267578125
0 0.84765625 0.6109375 0.0291015625 0.02890625
0 0.80390625 0.63515625 0.0208984375 0.020703125
0 0.80625 0.6609375 0.025390625 0.0251953125
0 0.8078125 0.68671875 0.02109375 0.0203125
0 0.8046875 0.70625 0.022265625 0.021875
0 0.8078125 0.73203125 0.025 0.0236328125
0 0.8078125 0.75 0.028515625 0.015625
0 0.80390625 0.7734375 0.023828125 0.024609375
0 0.80390625 0.7953125 0.0232421875 0.0224609375
0 0.80390625 0.8171875 0.026953125 0.028125
0 0.8046875 0.8390625 0.024609375 0.0244140625
0 0.80390625 0.86484375 0.0208984375 0.020703125
0 0.8046875 0.88671875 0.025 0.0236328125
0 0.8046875 0.9109375 0.028515625 0.0189453125
0 0.8046875 0.9328125 0.02109375 0.02109375
0 0.8 0.9546875 0.0275390625 0.0275390625
0 0.7984375 0.9765625 0.0375 0.015625
0 0.72890625 0.875 0.0267578125 0.169140625
0 0.7046875 0.625 0.0130859375 0.0130859375
0 0.7328125 0.7046875 0.072265625 0.0716796875
0 0.7 0.68828125 0.069140625 0.0701171875
0 0.7 0.8015625 0.058984375 0.056640625
0 0.69375 0.9109375 0.0716796875 0.0716796875
0 0.62265625 0.81328125 0.0392578125 0.1580078125
0 0.58125 0.95859375 0.01875 0.0197265625
0 0.57265625 0.82109375 0.05 0.2544921875
0 0.50390625 0.69609375 0.0673828125 0.0669921875
0 0.5046875 0.87109375 0.0345703125 0.146875
0 0.46484375 0.93828125 0.025 0.0201171875
0 0.46875 0.91875 0.0220703125 0.0189453125
0 0.46640625 0.85546875 0.0208984375 0.0208984375
0 0.4640625 0.83125 0.0375 0.0189453125
0 0.4609375 0.81171875 0.02734375 0.0267578125
0 0.4640625 0.7875 0.033984375 0.0189453125
0 0.46484375 0.765625 0.0296875 0.015625
0 0.45859375 0.73828125 0.0328125 0.0328125
0 0.4625 0.71640625 0.025 0.0259765625
0 0.4640625 0.6921875 0.028125 0.0283203125
0 0.4640625 0.66484375 0.0244140625 0.0236328125
0 0.4703125 0.62890625 0.04609375 0.044921875
0 0.40390625 0.68671875 0.04375 0.0447265625
0 0.4015625 0.8078125 0.0125 0.052734375
0 0.37109375 0.78984375 0.0853515625 0.0853515625
0 0.3515625 0.85546875 0.0125 0.0515625
0 0.33984375 0.84921875 0.0142578125 0.0705078125
0 0.3203125 0.859375 0.0373046875 0.0375
0 0.29609375 0.8078125 0.0328125 0.1783203125
0 0.29140625 0.690625 0.0125 0.0470703125
0 0.20625 0.8890625 0.0841796875 0.0841796875
0 0.22734375 0.934375 0.0923828125 0.09375
0 0.66640625 0.403125 0.0396484375 0.040234375
0 0.66640625 0.37734375 0.0384765625 0.0375
0 0.59140625 0.41875 0.0611328125 0.0619140625
0 0.35859375 0.4125 0.0267578125 0.1658203125
0 0.33515625 0.40859375 0.025 0.1267578125