0 0.05625 0.76953125 0.0125 0.0048828125
0 0.2796875 0.7328125 0.003515625 0.0029296875
0 0.2671875 0.7359375 0.01640625 0.016015625
0 0.93359375 0.53125 0.045703125 0.04453125
0 0.95625 0.6234375 0.0125 0.0158203125
0 0.9578125 0.7265625 0.031640625 0.03359375
0 0.9359375 0.80625 0.0244140625 0.0224609375
0 0.92890625 0.82109375 0.014453125 0.0142578125
0 0.925 0.83046875 0.019140625 0.01875
0 0.88984375 0.76953125 0.025 0.021875
0 0.8796875 0.75625 0.0404296875 0.0376953125
0 0.87265625 0.74140625 0.0357421875 0.0357421875
0 0.85625 0.7328125 0.0279296875 0.028515625
0 0.83515625 0.7125 0.025 0.0279296875
0 0.8125 0.6859375 0.0345703125 0.033984375
0 0.8015625 0.671875 0.0279296875 0.0279296875
0 0.7859375 0.65078125 0.0279296875 0.0267578125
0 0.78359375 0.7046875 0.016796875 0.0162109375
0 0.79609375 0.72109375 0.0171875 0.021875
0 0.8234375 0.7546875 0.0125 0.0126953125
0 0.8640625 0.80078125 0.012890625 0.0134765625
0 0.8 0.828125 0.019140625 0.01875
0 0.80859375 0.8359375 0.0171875 0.01875
0 0.81640625 0.84453125 0.0171875 0.01875
0 0.82265625 0.85390625 0.01875 0.0177734375
0 0.83359375 0.87109375 0.0171875 0.01875
0 0.8421875 0.90390625 0.0091796875 0.008203125
0 0.85234375 0.896875 0.0111328125 0.01171875
0 0.7953125 0.85625 0.0095703125 0.012109375
0 0.75859375 0.78046875 0.009375 0.009375
0 0.76484375 0.7875 0.019921875 0.019140625
0 0.75 0.77109375 0.019140625 0.01875
0 0.7296875 0.74375 0.019140625 0.01953125
0 0.71640625 0.72734375 0.017578125 0.017578125
0 0.70390625 0.70703125 0.0228515625 0.023046875
0 0.6890625 0.69140625 0.0220703125 0.021875
0 0.6828125 0.67890625 0.025 0.0236328125
0 0.66875 0.66953125 0.0306640625 0.030078125
0 0.68515625 0.653125 0.0111328125 0.01171875
0 0.55625 0.625 0.006640625 0.006640625
0 0.5546875 0.621875 0.0095703125 0.006640625
0 0.55 0.6125 0.0119140625 0.009765625
0 0.54140625 0.640625 0.0205078125 0.021484375
0 0.5453125 0.65859375 0.0095703125 0.0109375
0 0.55234375 0.66640625 0.0134765625 0.0125
0 0.5578125 0.67734375 0.0126953125 0.013671875
0 0.5671875 0.7015625 0.0095703125 0.009765625
0 0.575 0.7125 0.0119140625 0.009765625
0 0.60234375 0.72109375 0.063671875 0.063671875
0 0.6859375 0.828125 0.0970703125 0.18125
0 0.68515625 0.89453125 0.0107421875 0.0109375
0 0.6765625 0.88359375 0.008984375 0.0048828125
0 0.65234375 0.8875 0.0080078125 0.009375
0 0.6140625 0.86875 0.0435546875 0.0439453125
0 0.68359375 0.9390625 0.0892578125 0.0900390625
0 0.29375 0.88046875 0.00625 0.0052734375
0 0.2859375 0.87265625 0.0162109375 0.016796875
0 0.1921875 0.9609375 0.015234375 0.015234375
0 0.1015625 0.86953125 0.0125 0.0048828125
0 0.00625 0.9359375 0.01171875 0.009765625