0 0.25 0.61484375 0.019140625 0.078125
0 0.27890625 0.6234375 0.0646484375 0.065234375
0 0.3015625 0.6421875 0.0525390625 0.0525390625
0 0.32109375 0.65 0.0583984375 0.058984375
0 0.36640625 0.67890625 0.0482421875 0.0486328125
0 0.3890625 0.66875 0.0654296875 0.065625
0 0.4109375 0.69765625 0.016015625 0.0703125
0 0.43359375 0.6890625 0.0646484375 0.065234375
0 0.45625 0.71640625 0.04453125 0.0458984375
0 0.4734375 0.7140625 0.016015625 0.0623046875
0 0.28984375 0.45859375 0.040625 0.0416015625
0 0.3203125 0.46328125 0.0306640625 0.030078125
0 0.3515625 0.47734375 0.03359375 0.0326171875
0 0.3671875 0.48359375 0.0154296875 0.0453125
0 0.38359375 0.48984375 0.030078125 0.0302734375
0 0.3984375 0.49609375 0.034765625 0.034375
0 0.4765625 0.52265625 0.030859375 0.0302734375
0 0.36484375 0.409375 0.059375 0.059765625
0 0.4234375 0.41953125 0.05 0.0486328125
0 0.43984375 0.43203125 0.046875 0.0478515625
0 0.4671875 0.434375 0.053515625 0.0537109375
0 0.4890625 0.4421875 0.044140625 0.043359375
0 0.4921875 0.53125 0.0349609375 0.037109375
0 0.50859375 0.52265625 0.0125 0.0486328125
0 0.50234375 0.71796875 0.0142578125 0.0703125
0 0.52265625 0.71796875 0.053125 0.0541015625
0 0.54765625 0.71796875 0.0142578125 0.0703125
0 0.5671875 0.69921875 0.021484375 0.1076171875
0 0.59140625 0.71171875 0.0171875 0.0736328125
0 0.6125 0.71796875 0.0376953125 0.0388671875
0 0.63359375 0.6875 0.0642578125 0.0654296875
0 0.6578125 0.7015625 0.046484375 0.046484375
0 0.5390625 0.5265625 0.03125 0.0310546875
0 0.5140625 0.4359375 0.016015625 0.090625
0 0.5609375 0.43828125 0.016015625 0.0703125
0 0.57109375 0.525 0.028125 0.028515625
0 0.5890625 0.53125 0.034375 0.034765625
0 0.6046875 0.5265625 0.0318359375 0.0318359375
0 0.63515625 0.5125 0.0236328125 0.0244140625
0 0.5828125 0.434375 0.053515625 0.0537109375
0 0.60625 0.4296875 0.0279296875 0.0939453125
0 0.63125 0.41328125 0.0591796875 0.0580078125
0 0.65234375 0.41953125 0.048828125 0.0490234375
0 0.67265625 0.41328125 0.0515625 0.0515625
0 0.68359375 0.69375 0.0171875 0.0623046875
0 0.66640625 0.50390625 0.0125 0.0453125
0 0.6796875 0.50234375 0.0314453125 0.0326171875
0 0.69765625 0.49765625 0.0322265625 0.0322265625
0 0.7234375 0.66640625 0.0626953125 0.063671875
0 0.74375 0.66875 0.018359375 0.0623046875
0 0.76875 0.6546875 0.037890625 0.037890625
0 0.7890625 0.6484375 0.0529296875 0.053125
0 0.7109375 0.4875 0.016015625 0.044140625
0 0.725 0.48359375 0.019140625 0.053125
0 0.73984375 0.46875 0.0271484375 0.0279296875
0 0.6921875 0.409375 0.041015625 0.0412109375
0 0.7265625 0.38671875 0.053125 0.0544921875
0 0.7453125 0.37265625 0.053515625 0.053125
0 0.7640625 0.3578125 0.0466796875 0.046875
0 0.7703125 0.4484375 0.034765625 0.0349609375
0 0.78515625 0.440625 0.0203125 0.0498046875
0 0.79609375 0.42421875 0.025 0.025
0 0.81640625 0.6296875 0.0447265625 0.044140625
0 0.82734375 0.61328125 0.025 0.0578125
0 0.8515625 0.584375 0.0505859375 0.0505859375
0 0.8703125 0.58046875 0.05234375 0.0513671875
0 0.8921875 0.553125 0.049609375 0.049609375
0 0.91015625 0.54140625 0.0453125 0.0455078125
0 0.93515625 0.51875 0.025 0.0498046875
0 0.78125 0.3515625 0.0498046875 0.049609375
0 0.8109375 0.41328125 0.0341796875 0.033203125
0 0.7984375 0.32890625 0.0466796875 0.046875
0 0.8390625 0.390625 0.0220703125 0.0408203125
0 0.8671875 0.3640625 0.025 0.046484375
0 0.8203125 0.32734375 0.0181640625 0.017578125
0 0.8296875 0.29609375 0.03984375 0.0388671875
0 0.8484375 0.28359375 0.0279296875 0.0486328125
0 0.6734375 0.17265625 0.03359375 0.0326171875
0 0.6890625 0.16875 0.016015625 0.0498046875
0 0.7015625 0.15859375 0.03125 0.030078125
0 0.7171875 0.1484375 0.0318359375 0.0318359375
0 0.7296875 0.1421875 0.0154296875 0.046484375
0 0.74375 0.13203125 0.018359375 0.0486328125
0 0.76015625 0.1296875 0.0302734375 0.02890625
0 0.7390625 0.08671875 0.0279296875 0.025
0 0.71484375 0.103125 0.0142578125 0.0158203125
0 0.6734375 0.1171875 0.0248046875 0.024609375
0 0.6578125 0.18515625 0.021484375 0.0578125
0 0.64140625 0.20390625 0.048046875 0.048046875
0 0.62109375 0.2015625 0.048828125 0.0498046875
0 0.6015625 0.20390625 0.016015625 0.078125
0 0.5828125 0.20546875 0.021484375 0.0826171875
0 0.59375 0.1109375 0.037890625 0.037890625
0 0.5765625 0.10703125 0.041015625 0.040625
0 0.55625 0.10703125 0.018359375 0.0736328125
0 0.53984375 0.2078125 0.0203125 0.0939453125
0 0.5375 0.10703125 0.019140625 0.0826171875
0 0.5203125 0.2140625 0.021484375 0.090625
0 0.49765625 0.2203125 0.0203125 0.0873046875
0 0.475 0.2203125 0.056640625 0.0564453125
0 0.4546875 0.2140625 0.050390625 0.0525390625
0 0.4078125 0.221875 0.059765625 0.059765625
0 0.38984375 0.2203125 0.054296875 0.0533203125
0 0.36640625 0.221875 0.058203125 0.05703125
0 0.3453125 0.228125 0.056640625 0.0587890625
0 0.3171875 0.221875 0.055859375 0.05625
0 0.3 0.2328125 0.019140625 0.109765625
0 0.51640625 0.109375 0.048046875 0.047265625
0 0.49765625 0.109375 0.0419921875 0.04296875
0 0.47890625 0.10703125 0.054296875 0.054296875
0 0.4578125 0.10703125 0.05234375 0.0517578125
0 0.4375 0.1109375 0.0443359375 0.0443359375
0 0.4171875 0.11328125 0.053125 0.0544921875
0 0.3984375 0.109375 0.016015625 0.078125
0 0.37890625 0.1109375 0.048828125 0.0498046875
0 0.35859375 0.11484375 0.0453125 0.0455078125
0 0.3390625 0.1109375 0.016015625 0.0814453125
0 0.32109375 0.12109375 0.04375 0.04375
0 0.29765625 0.11953125 0.046875 0.0478515625
0 0.27734375 0.228125 0.054296875 0.0533203125
0 0.25234375 0.22421875 0.053125 0.0541015625
0 0.275 0.10703125 0.055859375 0.0546875