0 0.84375 0.89296875 0.009765625 0.0107421875
0 0.83515625 0.88671875 0.01875 0.01875
0 0.85390625 0.88671875 0.0078125 0.0044921875
0 0.8546875 0.88046875 0.0119140625 0.0115234375
0 0.85390625 0.8640625 0.0109375 0.0099609375
0 0.8375 0.8640625 0.0123046875 0.0123046875
0 0.85859375 0.85 0.014453125 0.015234375
0 0.86484375 0.82265625 0.0107421875 0.0080078125
0 0.85625 0.80859375 0.021875 0.0208984375
0 0.8296875 0.80234375 0.0255859375 0.0259765625
0 0.8484375 0.778125 0.016015625 0.0091796875
0 0.71015625 0.675 0.075 0.031640625
0 0.6296875 0.6875 0.053125 0.053515625
0 0.62265625 0.71796875 0.0421875 0.0419921875
0 0.94140625 0.4015625 0.0625 0.0623046875
0 0.8015625 0.415625 0.056640625 0.058984375
0 0.48515625 0.734375 0.045703125 0.0462890625
0 0.14765625 0.88671875 0.0875 0.0865234375
0 0.2609375 0.57421875 0.0470703125 0.0611328125
0 0.20390625 0.5265625 0.061328125 0.0623046875