0 0.52109375 0.57578125 0.0328125 0.0328125
0 0.53125 0.50625 0.031640625 0.025
0 0.56640625 0.5140625 0.0236328125 0.024609375
0 0.5984375 0.37421875 0.034765625 0.035546875
0 0.55859375 0.35 0.0263671875 0.025390625
0 0.4203125 0.41328125 0.025 0.023828125
0 0.4578125 0.415625 0.022265625 0.02421875
0 0.4578125 0.39296875 0.02109375 0.020703125
0 0.42890625 0.32890625 0.0267578125 0.025
0 0.4703125 0.32109375 0.027734375 0.0265625
0 0.47734375 0.27578125 0.026953125 0.026953125
0 0.37890625 0.8703125 0.0328125 0.0283203125
0 0.35234375 0.8109375 0.026953125 0.027734375
0 0.3953125 0.54765625 0.027734375 0.0265625
0 0.31015625 0.54921875 0.025 0.0203125
0 0.3390625 0.38515625 0.0216796875 0.020703125
0 0.31484375 0.34140625 0.025 0.0169921875
0 0.34375 0.36640625 0.0193359375 0.0197265625
0 0.34609375 0.32734375 0.0208984375 0.021875
0 0.31640625 0.325 0.0171875 0.0158203125
0 0.35390625 0.30234375 0.0267578125 0.0203125
0 0.3546875 0.28359375 0.0154296875 0.0169921875
0 0.3671875 0.22421875 0.025 0.023828125
0 0.3671875 0.20546875 0.025 0.025
0 0.37109375 0.1828125 0.0228515625 0.021875
0 0.37265625 0.16640625 0.0138671875 0.013671875
0 0.33515625 0.20390625 0.0142578125 0.0125
0 0.3421875 0.13359375 0.03359375 0.0326171875
0 0.2515625 0.0578125 0.0244140625 0.02265625
0 0.2515625 0.078125 0.0244140625 0.02421875
0 0.2359375 0.103125 0.0244140625 0.02421875
0 0.2359375 0.12578125 0.0314453125 0.0326171875
0 0.21875 0.1625 0.018359375 0.019140625
0 0.2125 0.19140625 0.027734375 0.0267578125
0 0.21484375 0.21796875 0.01875 0.0177734375
0 0.19765625 0.2015625 0.017578125 0.0185546875
0 0.1953125 0.2609375 0.02265625 0.022265625
0 0.19375 0.553125 0.043359375 0.019140625
0 0.18125 0.67109375 0.0375 0.0169921875