0 0.22265625 0.271875 0.0107421875 0.0408203125
0 0.21015625 0.271875 0.0259765625 0.0255859375
0 0.19765625 0.2796875 0.0353515625 0.034375
0 0.19375 0.41171875 0.0125 0.065625
0 0.2953125 0.42421875 0.0181640625 0.0171875
0 0.3703125 0.42578125 0.003515625 0.0203125
0 0.3875 0.42421875 0.005859375 0.025
0 0.3296875 0.2734375 0.0095703125 0.046484375
0 0.37734375 0.2734375 0.0291015625 0.028125
0 0.42109375 0.053125 0.0078125 0.0408203125
0 0.4 0.278125 0.0275390625 0.027734375
0 0.44765625 0.27578125 0.0294921875 0.0298828125
0 0.4125 0.42421875 0.015234375 0.015625
0 0.42109375 0.41953125 0.0203125 0.0203125
0 0.4375 0.42578125 0.0125 0.013671875
0 0.44375 0.421875 0.006640625 0.0283203125
0 0.4359375 0.4609375 0.021484375 0.021484375
0 0.4296875 0.62578125 0.0341796875 0.033203125
0 0.4234375 0.71015625 0.04609375 0.0453125
0 0.53515625 0.8890625 0.039453125 0.0400390625
0 0.54140625 0.84375 0.008203125 0.0087890625
0 0.5390625 0.83359375 0.0375 0.0203125
0 0.5046875 0.86015625 0.0091796875 0.0083984375
0 0.5046875 0.81484375 0.0466796875 0.0455078125
0 0.53515625 0.7671875 0.0296875 0.021484375
0 0.52109375 0.7015625 0.0078125 0.0125
0 0.5015625 0.69921875 0.03984375 0.0390625
0 0.5359375 0.67734375 0.028515625 0.029296875
0 0.48515625 0.6171875 0.0384765625 0.037890625
0 0.4609375 0.45859375 0.008984375 0.0294921875
0 0.4609375 0.42421875 0.008984375 0.025
0 0.47109375 0.421875 0.017578125 0.0185546875
0 0.4671875 0.45703125 0.015234375 0.0140625
0 0.49375 0.45859375 0.01328125 0.013671875
0 0.5109375 0.42421875 0.008984375 0.025
0 0.49375 0.428125 0.016015625 0.015625
0 0.51015625 0.45859375 0.0046875 0.0294921875
0 0.51875 0.45859375 0.01875 0.0173828125
0 0.53359375 0.4609375 0.016796875 0.016015625
0 0.47265625 0.278125 0.0107421875 0.053125
0 0.4734375 0.23046875 0.00859375 0.0083984375
0 0.48359375 0.21796875 0.028125 0.0291015625
0 0.51875 0.271875 0.006640625 0.0408203125
0 0.50390625 0.228125 0.0078125 0.019140625
0 0.51875 0.21796875 0.006640625 0.0419921875
0 0.5296875 0.21796875 0.0095703125 0.0419921875
0 0.6234375 0.21171875 0.0125 0.053125
0 0.56484375 0.278125 0.0267578125 0.028125
0 0.575 0.271875 0.0251953125 0.0251953125
0 0.6 0.2734375 0.0283203125 0.027734375
0 0.625 0.27578125 0.0287109375 0.0294921875
0 0.5421875 0.42421875 0.015234375 0.0140625
0 0.5671875 0.45859375 0.003515625 0.0294921875
0 0.58125 0.45859375 0.01875 0.0173828125
0 0.5921875 0.4734375 0.0251953125 0.0251953125
0 0.5921875 0.42421875 0.003515625 0.025
0 0.60625 0.475 0.03203125 0.03203125
0 0.6296875 0.475 0.0314453125 0.03125
0 0.5828125 0.62578125 0.0376953125 0.0375
0 0.61484375 0.675 0.0328125 0.0337890625
0 0.57109375 0.940625 0.042578125 0.043359375
0 0.6375 0.62734375 0.0095703125 0.053125
0 0.65390625 0.40703125 0.0125 0.0578125
0 0.64765625 0.278125 0.0107421875 0.044140625
0 0.65859375 0.21640625 0.029296875 0.029296875
0 0.65859375 0.26953125 0.0078125 0.0361328125
0 0.67109375 0.271875 0.023828125 0.0248046875
0 0.6828125 0.21640625 0.0279296875 0.026953125
0 0.6953125 0.21640625 0.0095703125 0.0453125
0 0.70390625 0.409375 0.0328125 0.03203125
0 0.66015625 0.728125 0.0142578125 0.090625
0 0.6359375 0.89296875 0.034765625 0.035546875
0 0.73984375 0.475 0.0322265625 0.031640625
0 0.75234375 0.41171875 0.0294921875 0.0298828125
0 0.7171875 0.27578125 0.0287109375 0.0294921875
0 0.73125 0.26953125 0.021875 0.0208984375
0 0.75234375 0.27578125 0.0294921875 0.0298828125
0 0.7765625 0.28203125 0.037109375 0.0365234375
0 0.77734375 0.409375 0.0322265625 0.031640625
0 0.77734375 0.47734375 0.0333984375 0.034375
0 0.7484375 0.6375 0.019140625 0.021484375
0 0.75859375 0.6421875 0.020703125 0.02109375
0 0.7578125 0.67890625 0.034765625 0.0359375
0 0.77109375 0.753125 0.0232421875 0.0158203125
0 0.7734375 0.76953125 0.01640625 0.0166015625
0 0.77265625 0.7859375 0.0203125 0.0212890625
0 0.77265625 0.85390625 0.016796875 0.016796875
0 0.7921875 0.80625 0.0095703125 0.0408203125
0 0.79375 0.71015625 0.024609375 0.0240234375
0 0.775 0.6234375 0.0154296875 0.0623046875
0 0.79140625 0.5640625 0.023828125 0.0248046875
0 0.7984375 0.56171875 0.021875 0.0232421875
0 0.7953125 0.525 0.0130859375 0.01328125
0 0.79609375 0.47734375 0.0171875 0.0169921875
0 0.79609375 0.46328125 0.014453125 0.014453125
0 0.7984375 0.45078125 0.015234375 0.0140625
0 0.7953125 0.4359375 0.0154296875 0.0091796875
0 0.8015625 0.41328125 0.0125 0.0125
0 0.79765625 0.40546875 0.016796875 0.016796875
0 0.7984375 0.38046875 0.015234375 0.0140625
0 0.79609375 0.3640625 0.014453125 0.015234375
0 0.79609375 0.33515625 0.014453125 0.014453125
0 0.7984375 0.29453125 0.015234375 0.0140625
0 0.79609375 0.2796875 0.016796875 0.0162109375
0 0.7953125 0.2265625 0.0095703125 0.0091796875
0 0.79765625 0.14609375 0.0138671875 0.013671875
0 0.79765625 0.08046875 0.0142578125 0.0125
0 0.796875 0.00625 0.0125 0.0125
0 0.7796875 0.10078125 0.01640625 0.0166015625
0 0.76875 0.10703125 0.025 0.0236328125
0 0.7671875 0.04921875 0.0255859375 0.0259765625
0 0.75625 0.05546875 0.01875 0.0173828125
0 0.74609375 0.053125 0.019921875 0.01953125
0 0.7359375 0.0515625 0.018359375 0.0189453125
0 0.74609375 0.103125 0.0078125 0.031640625
0 0.73515625 0.10078125 0.0046875 0.0294921875
0 0.7265625 0.1046875 0.008984375 0.046484375
0 0.72734375 0.0640625 0.008203125 0.008984375
0 0.6453125 0.0703125 0.006640625 0.0060546875
0 0.725 0.0515625 0.005859375 0.0283203125
0 0.7140625 0.103125 0.024609375 0.0251953125
0 0.71640625 0.053125 0.016796875 0.016015625
0 0.69609375 0.0578125 0.020703125 0.02109375
0 0.6953125 0.0984375 0.0095703125 0.033984375
0 0.68515625 0.103125 0.0107421875 0.0408203125
0 0.68359375 0.053125 0.0078125 0.031640625
0 0.675 0.0984375 0.005859375 0.025
0 0.6640625 0.0984375 0.021484375 0.021484375
0 0.6640625 0.053125 0.024609375 0.0251953125
0 0.65234375 0.1046875 0.0107421875 0.0373046875
0 0.6421875 0.053125 0.018359375 0.018359375
0 0.64375 0.0984375 0.021484375 0.019140625
0 0.63125 0.10078125 0.021875 0.0208984375
0 0.63125 0.0515625 0.006640625 0.0373046875
0 0.62265625 0.103125 0.0259765625 0.0255859375
0 0.6109375 0.103125 0.024609375 0.0251953125
0 0.62265625 0.0578125 0.0173828125 0.018359375
0 0.6015625 0.10078125 0.021875 0.0232421875
0 0.58984375 0.1046875 0.0236328125 0.0244140625
0 0.6015625 0.053125 0.008984375 0.031640625
0 0.59140625 0.053125 0.0078125 0.031640625
0 0.57109375 0.10078125 0.01875 0.0177734375
0 0.56015625 0.04921875 0.0107421875 0.0419921875
0 0.56015625 0.1046875 0.0107421875 0.046484375
0 0.5484375 0.103125 0.024609375 0.0251953125
0 0.5390625 0.04921875 0.008984375 0.0419921875
0 0.52734375 0.0515625 0.0236328125 0.0244140625
0 0.5375 0.10703125 0.0255859375 0.0259765625
0 0.5265625 0.103125 0.019140625 0.021484375
0 0.51484375 0.1046875 0.0107421875 0.046484375
0 0.5078125 0.10078125 0.0095703125 0.0361328125
0 0.4953125 0.1046875 0.0283203125 0.027734375
0 0.48359375 0.10078125 0.021875 0.0228515625
0 0.49375 0.053125 0.019140625 0.019140625
0 0.47265625 0.05546875 0.0171875 0.0169921875
0 0.4734375 0.0984375 0.021484375 0.021484375
0 0.4609375 0.103125 0.019140625 0.021484375
0 0.45 0.1046875 0.0095703125 0.046484375
0 0.44140625 0.103125 0.023828125 0.0248046875
0 0.42109375 0.10078125 0.0078125 0.0361328125
0 0.41015625 0.1046875 0.0107421875 0.046484375
0 0.3984375 0.05546875 0.01875 0.0197265625
0 0.3890625 0.10078125 0.01875 0.0197265625
0 0.36875 0.053125 0.019140625 0.019140625
0 0.3484375 0.10078125 0.021875 0.0232421875
0 0.3375 0.0984375 0.015234375 0.015625
0 0.33984375 0.04921875 0.0107421875 0.0419921875
0 0.30625 0.04765625 0.01328125 0.013671875
0 0.29609375 0.10078125 0.01875 0.0177734375
0 0.2875 0.0515625 0.0244140625 0.0224609375
0 0.2875 0.09453125 0.015234375 0.015625
0 0.27734375 0.103125 0.0259765625 0.0255859375
0 0.27734375 0.0515625 0.0236328125 0.0244140625
0 0.25625 0.10078125 0.006640625 0.0361328125
0 0.26640625 0.04921875 0.026953125 0.0267578125
0 0.23984375 0.084375 0.008203125 0.008984375
0 0.2453125 0.1046875 0.0244140625 0.0224609375
0 0.16484375 0.25546875 0.0046875 0.0080078125
0 0.1734375 0.271875 0.024609375 0.0251953125
0 0.1625 0.27578125 0.0287109375 0.0294921875
0 0.15 0.2734375 0.0283203125 0.027734375
0 0.1515625 0.21640625 0.0125 0.0453125
0 0.2265625 0.103125 0.019140625 0.021484375
0 0.20234375 0.1046875 0.0107421875 0.046484375
0 0.1828125 0.0984375 0.0220703125 0.021484375
0 0.17109375 0.0984375 0.016796875 0.016015625
0 0.16015625 0.103125 0.0259765625 0.0255859375
0 0.1484375 0.0984375 0.021484375 0.021484375
0 0.1609375 0.0578125 0.008984375 0.033984375
0 0.1359375 0.08828125 0.0125 0.078125
0 0.08515625 0.12734375 0.01875 0.0177734375
0 0.0890625 0.090625 0.0189453125 0.0189453125
0 0.34375 0.6234375 0.027734375 0.025390625
0 0.4109375 0.45859375 0.01875 0.0197265625
0 0.3859375 0.45703125 0.008984375 0.0328125
0 0.3609375 0.45859375 0.01875 0.0197265625
0 0.33359375 0.46484375 0.026953125 0.0267578125
0 0.27109375 0.4734375 0.0125 0.0498046875
0 0.2484375 0.46328125 0.0125 0.0361328125
0 0.21875 0.47734375 0.034765625 0.035546875
0 0.3875 0.70390625 0.0404296875 0.040625
0 0.37265625 0.70390625 0.0142578125 0.0826171875
0 0.22265625 0.63984375 0.0482421875 0.0486328125
0 0.1515625 0.53515625 0.04609375 0.045703125
0 0.0984375 0.4609375 0.0314453125 0.0314453125