0 0.4015625 0.16875 0.0287109375 0.030859375
0 0.4890625 0.30078125 0.0431640625 0.042578125
0 0.4140625 0.28984375 0.0220703125 0.0453125
0 0.43515625 0.4359375 0.0296875 0.028515625
0 0.4390625 0.54765625 0.0279296875 0.0419921875
0 0.39609375 0.62734375 0.035546875 0.035546875
0 0.5421875 0.7140625 0.0439453125 0.04375
0 0.44609375 0.909375 0.0333984375 0.0341796875
0 0.2671875 0.86796875 0.033984375 0.0330078125
0 0.18984375 0.91796875 0.0142578125 0.0486328125
0 0.91640625 0.07578125 0.0515625 0.0517578125