0 0.2109375 0.82265625 0.022265625 0.023046875
0 0.96015625 0.1875 0.0111328125 0.012109375
0 0.6921875 0.3125 0.0318359375 0.0318359375
0 0.7515625 0.35 0.0220703125 0.0498046875
0 0.7671875 0.52890625 0.03359375 0.033203125
0 0.58984375 0.46484375 0.03125 0.0302734375
0 0.5984375 0.3578125 0.0408203125 0.040234375
0 0.5484375 0.403125 0.0220703125 0.0408203125
0 0.5390625 0.0578125 0.016015625 0.0408203125
0 0.44375 0.11953125 0.03203125 0.0333984375
0 0.4375 0.3046875 0.0375 0.0373046875
0 0.4421875 0.440625 0.028125 0.028515625
0 0.40625 0.22421875 0.03125 0.032421875
0 0.34140625 0.3046875 0.0208984375 0.0216796875
0 0.40234375 0.3765625 0.0265625 0.0275390625
0 0.29375 0.409375 0.0279296875 0.053125
0 0.35859375 0.4609375 0.03125 0.03125
0 0.31640625 0.5390625 0.0197265625 0.0193359375
0 0.2765625 0.5515625 0.016015625 0.0158203125
0 0.41875 0.50859375 0.0244140625 0.023828125
0 0.3859375 0.57578125 0.0220703125 0.0169921875
0 0.55234375 0.57578125 0.03125 0.03125
0 0.6015625 0.62109375 0.016015625 0.0419921875
0 0.51015625 0.74296875 0.028125 0.0291015625
0 0.4234375 0.65 0.0189453125 0.0189453125
0 0.44375 0.75703125 0.025 0.026171875
0 0.57734375 0.93828125 0.0142578125 0.0419921875
0 0.3359375 0.6046875 0.0220703125 0.0158203125
0 0.34140625 0.67890625 0.0232421875 0.0169921875
0 0.3609375 0.74921875 0.0220703125 0.0169921875
0 0.3109375 0.7734375 0.01875 0.01875
0 0.28515625 0.62734375 0.016796875 0.016796875
0 0.24609375 0.6359375 0.0228515625 0.021875
0 0.2015625 0.6875 0.0220703125 0.0498046875
0 0.2609375 0.73671875 0.0318359375 0.0322265625
0 0.2671875 0.83515625 0.0314453125 0.0326171875
0 0.31484375 0.85390625 0.0142578125 0.0453125
0 0.2890625 0.91953125 0.024609375 0.0240234375
0 0.2625 0.90703125 0.0125 0.013671875
0 0.25390625 0.90546875 0.0078125 0.025
0 0.24609375 0.909375 0.023828125 0.0248046875
0 0.21875 0.8953125 0.015234375 0.012890625
0 0.20390625 0.88671875 0.0140625 0.0140625
0 0.19375 0.88671875 0.01875 0.0173828125
0 0.15859375 0.8765625 0.0234375 0.022265625
0 0.15 0.86796875 0.0216796875 0.020703125
0 0.1984375 0.8109375 0.03125 0.0310546875
0 0.18125 0.80625 0.018359375 0.0498046875
0 0.16015625 0.78359375 0.025 0.053125
0 0.0890625 0.58203125 0.0341796875 0.033203125
0 0.06875 0.64609375 0.0466796875 0.046875
0 0.04765625 0.71796875 0.036328125 0.036328125