0 0.5609375 0.784375 0.008984375 0.0029296875
0 0.58125 0.69375 0.006640625 0.0060546875
0 0.55390625 0.6625 0.007421875 0.00703125
0 0.53359375 0.63828125 0.0078125 0.0078125
0 0.53125 0.559375 0.006640625 0.006640625
0 0.5171875 0.50234375 0.0091796875 0.008203125
0 0.5078125 0.46640625 0.0095703125 0.0048828125
0 0.58125 0.359375 0.0125 0.0126953125
0 0.5453125 0.38046875 0.0091796875 0.008203125
0 0.53359375 0.415625 0.0078125 0.006640625
0 0.49140625 0.40078125 0.00625 0.0072265625
0 0.5015625 0.3390625 0.006640625 0.0068359375
0 0.4703125 0.3390625 0.0087890625 0.0068359375
0 0.4359375 0.30625 0.006640625 0.0068359375
0 0.4765625 0.17578125 0.016015625 0.0109375
0 0.81484375 0.05390625 0.0296875 0.0169921875