0 0.8625 0.18515625 0.0283203125 0.0291015625
0 0.8234375 0.46328125 0.0033203125 0.0041015625
0 0.8265625 0.4796875 0.0125 0.0283203125
0 0.91015625 0.5453125 0.0263671875 0.0251953125
0 0.85390625 0.55546875 0.0048828125 0.0048828125
0 0.85390625 0.565625 0.0078125 0.019140625
0 0.7921875 0.39296875 0.0193359375 0.0197265625
0 0.7328125 0.1953125 0.0283203125 0.027734375
0 0.62265625 0.48359375 0.0046875 0.0044921875
0 0.62890625 0.38515625 0.021875 0.0228515625
0 0.74140625 0.578125 0.025 0.0248046875
0 0.7015625 0.50859375 0.024609375 0.0240234375
0 0.65390625 0.51015625 0.023046875 0.023046875
0 0.5921875 0.46875 0.0212890625 0.021484375
0 0.5828125 0.53515625 0.015234375 0.0140625
0 0.625 0.58046875 0.0095703125 0.0169921875
0 0.6796875 0.63984375 0.0154296875 0.0361328125
0 0.6203125 0.68515625 0.0220703125 0.0228515625
0 0.5359375 0.0203125 0.008984375 0.0091796875
0 0.59140625 0.04921875 0.0078125 0.0080078125
0 0.58515625 0.2078125 0.0046875 0.0033203125
0 0.59375 0.08046875 0.0125 0.0611328125
0 0.5390625 0.32265625 0.0125 0.0361328125
0 0.57734375 0.2390625 0.039453125 0.03984375
0 0.5140625 0.24296875 0.027734375 0.0267578125
0 0.5375 0.0390625 0.0095703125 0.0373046875
0 0.29765625 0.38515625 0.008203125 0.008203125
0 0.27734375 0.2609375 0.008203125 0.008984375
0 0.27109375 0.2265625 0.0171875 0.065625
0 0.28125 0.38046875 0.0244140625 0.023828125
0 0.15625 0.10078125 0.021484375 0.0205078125
0 0.2078125 0.6359375 0.0185546875 0.018359375
0 0.14375 0.5390625 0.0220703125 0.0158203125
0 0.0953125 0.48125 0.0095703125 0.025
0 0.19140625 0.421875 0.0205078125 0.021875
0 0.19765625 0.28984375 0.0203125 0.0203125
0 0.1171875 0.25078125 0.0244140625 0.023828125
0 0.01015625 0.25 0.0203125 0.025
0 0.72890625 0.70390625 0.025 0.025
0 0.7828125 0.740625 0.003515625 0.0091796875
0 0.79140625 0.7609375 0.0125 0.025
0 0.76875 0.84765625 0.006640625 0.0169921875
0 0.6515625 0.74921875 0.0125 0.0134765625
0 0.69140625 0.8828125 0.0171875 0.016015625
0 0.55 0.70390625 0.0130859375 0.0134765625
0 0.4796875 0.5640625 0.0095703125 0.025
0 0.3546875 0.5984375 0.0158203125 0.015234375
0 0.3453125 0.93203125 0.030859375 0.0302734375