0 0.8671875 0.81484375 0.021484375 0.0169921875
0 0.85625 0.69140625 0.0220703125 0.0228515625
0 0.9453125 0.69140625 0.021484375 0.0205078125
0 0.96640625 0.571875 0.0232421875 0.0158203125
0 0.8640625 0.553125 0.025390625 0.027734375
0 0.93125 0.48984375 0.0279296875 0.0169921875
0 0.77109375 0.46875 0.0208984375 0.0216796875
0 0.9296875 0.3640625 0.008984375 0.00859375
0 0.94375 0.35625 0.0224609375 0.024609375
0 0.85234375 0.37890625 0.0392578125 0.025
0 0.75390625 0.3625 0.029296875 0.028515625
0 0.7875 0.2328125 0.02421875 0.022265625
0 0.8515625 0.20546875 0.0279296875 0.025
0 0.9125 0.25546875 0.019140625 0.0169921875
0 0.975 0.234375 0.018359375 0.0181640625
0 0.9578125 0.071875 0.028515625 0.019140625
0 0.8734375 0.0703125 0.0189453125 0.0189453125
0 0.7984375 0.0640625 0.0220703125 0.0125
0 0.7421875 0.1171875 0.02265625 0.022265625
0 0.2703125 0.30625 0.016015625 0.01796875
0 0.06875 0.6546875 0.031640625 0.025
0 0.0234375 0.890625 0.015234375 0.01328125